Epoch,Cycle,Episodes,Timesteps,TimeCost(sec),Pi_q_loss,Pi_l2_loss,Q_loss,Success
0/20,0/20,50,5000,45.12385582923889,,,,0.0
0/20,1/20,100,10000,177.10698294639587,6.611103728413582,0.19255293905735016,3.944738060235977,0.0
0/20,2/20,150,15000,215.7110197544098,592.1654281914234,3.8503632361534983,26.304690541233867,0.0
0/20,3/20,200,20000,216.6811397075653,1017.6367183923721,20.37889360776171,20.940193586982787,0.0
0/20,4/20,250,25000,215.06403183937073,1379.1338675618172,30.012824890203774,30.074273178353906,0.0
0/20,5/20,300,30000,211.5681231021881,1740.052108168602,35.30056595150381,47.77379608154297,0.0
0/20,6/20,350,35000,205.92987537384033,2030.5876681804657,39.98223544843495,64.71687370724976,0.0
0/20,7/20,400,40000,205.0859043598175,2319.3012734651566,49.27513433992863,83.51428348571062,0.0
0/20,8/20,450,45000,206.29016995429993,2519.723061800003,58.997789124026895,113.0024804957211,0.0
0/20,9/20,500,50000,214.917001247406,2703.9819123744965,65.33074998855591,128.969827324152,0.0
0/20,10/20,550,55000,213.4345943927765,2824.907034277916,71.23115865513682,135.6631831675768,0.0
0/20,11/20,600,60000,211.50561022758484,2899.2059296369553,76.36315116286278,163.72242058813572,0.0
0/20,12/20,650,65000,210.74406814575195,2972.9853023290634,75.79710680246353,175.33515570685267,0.0
0/20,13/20,700,70000,210.27097964286804,2926.4390717744827,81.79692212864757,202.54669269174337,0.0
0/20,14/20,750,75000,212.71415758132935,2898.5660685300827,84.67495522275567,212.64330434799194,0.0
0/20,15/20,800,80000,213.05013036727905,2913.5370720624924,88.10162257775664,243.78079469501972,0.0
0/20,16/20,850,85000,213.37020707130432,2885.743361592293,88.49818245321512,242.404688924551,0.0
0/20,17/20,900,90000,218.2443652153015,2909.704031229019,86.57834081724286,253.56172966957092,0.0
0/20,18/20,950,95000,213.75664591789246,2853.0095024108887,87.55850294977427,259.16038309782743,0.0
0/20,19/20,1000,100000,218.47676038742065,2851.6034047603607,87.81128243729472,256.9224428832531,0.0
1/20,0/20,1050,105000,217.9153323173523,2888.880175948143,90.05912628397346,260.2092040851712,0.0
1/20,1/20,1100,110000,215.6124517917633,2863.1697404384613,90.2681795321405,263.48608481138945,0.0
1/20,2/20,1150,115000,214.38200211524963,2863.218567967415,93.07984990626574,255.0679174363613,0.0
1/20,3/20,1200,120000,215.44782996177673,2890.4403483867645,91.78510119765997,267.95644204318523,0.0
1/20,4/20,1250,125000,216.45487999916077,2866.711386203766,94.782679207623,259.672843195498,0.0
1/20,5/20,1300,130000,219.42679643630981,2873.4402443170547,94.07039246708155,265.46619994938374,0.0
1/20,6/20,1350,135000,217.72974634170532,2924.386335372925,95.00649593025446,271.37204248458147,0.0
1/20,7/20,1400,140000,214.96426486968994,2904.761138319969,95.21521705389023,257.36658373475075,0.0
1/20,8/20,1450,145000,216.87745904922485,2924.4109234809875,96.55611703544855,282.040907561779,0.0
1/20,9/20,1500,150000,218.2574543952942,2988.5910733938217,95.66998808830976,312.9770413711667,0.0
1/20,10/20,1550,155000,217.41986274719238,3046.45407474041,96.46407715976238,324.43525917828083,0.0
1/20,11/20,1600,160000,219.4282944202423,3146.1570374965668,100.1793319657445,311.8676015213132,0.0
1/20,12/20,1650,165000,215.10475945472717,3153.224655508995,102.05011828243732,321.62932592630386,0.0
1/20,13/20,1700,170000,214.0380895137787,3234.1327986717224,104.99877262115479,317.2755452618003,0.0
1/20,14/20,1750,175000,217.11784410476685,3271.949975132942,107.65470363944769,348.909610375762,0.0
1/20,15/20,1800,180000,216.95567178726196,3320.079611301422,110.53704842925072,363.85867201536894,0.0
1/20,16/20,1850,185000,217.16397213935852,3332.989832639694,107.84188713133335,342.8485481068492,0.0
1/20,17/20,1900,190000,213.92733812332153,3392.956575870514,107.00934278964996,344.852273106575,0.0
1/20,18/20,1950,195000,206.62512636184692,3442.451764345169,108.54486681520939,355.9661303758621,0.0
1/20,19/20,2000,200000,182.29547691345215,3502.323821783066,108.45986068248749,362.93513721972704,0.0
2/20,0/20,2050,205000,185.8408830165863,3566.153932094574,110.4731904566288,369.67637737840414,0.0
2/20,1/20,2100,210000,183.29035902023315,3615.774163722992,111.57048581540585,370.85625056922436,0.0
2/20,2/20,2150,215000,183.28926706314087,3684.2874372005463,115.15360689908266,412.9368313252926,0.0
2/20,3/20,2200,220000,180.880220413208,3719.9769673347473,120.32118976861238,392.27128928899765,0.0
2/20,4/20,2250,225000,181.59772205352783,3779.454934120178,120.12222744524479,411.8816264271736,0.0
2/20,5/20,2300,230000,184.54889297485352,3809.9705243110657,120.70464284718037,394.91827116906643,0.0
2/20,6/20,2350,235000,183.25926327705383,3824.6042714118958,121.6258983835578,395.92860719561577,0.0
2/20,7/20,2400,240000,176.97769021987915,3892.960368871689,121.42847818881273,404.2293662279844,0.0
2/20,8/20,2450,245000,177.66531896591187,3949.2004776000977,120.73727994412184,379.3839026093483,0.0
2/20,9/20,2500,250000,180.4161925315857,3982.812426328659,120.6395813524723,391.6086603626609,0.0
2/20,10/20,2550,255000,181.13616681098938,4028.0070927143097,124.15337605774403,404.95665573328733,0.0
2/20,11/20,2600,260000,182.41235542297363,4070.985015153885,124.49392894655466,406.4819593578577,0.0
2/20,12/20,2650,265000,182.21501350402832,4109.495723485947,126.19056046009064,420.39616346359253,0.0
2/20,13/20,2700,270000,183.0858347415924,4119.176693677902,124.8470769226551,397.0092465132475,0.0
2/20,14/20,2750,275000,184.16659903526306,4221.223926305771,123.94278330355883,384.26451743394136,0.0
2/20,15/20,2800,280000,185.5877604484558,4241.366088151932,124.27188306301832,401.97068770229816,0.0
2/20,16/20,2850,285000,186.18981289863586,4312.212491512299,123.74033207446337,418.2637295797467,0.0
2/20,17/20,2900,290000,187.45323944091797,4353.564437627792,125.29960811138153,420.98413702845573,0.0
2/20,18/20,2950,295000,186.75059604644775,4381.483620166779,123.44265204668045,367.2050634101033,0.0
2/20,19/20,3000,300000,179.72867345809937,4416.038425207138,125.68444511294365,402.8074100166559,0.0
3/20,0/20,3050,305000,182.29816555976868,4462.6578369140625,127.0438703969121,423.11219592392445,0.0
3/20,1/20,3100,310000,181.09697008132935,4491.5803399086,126.82919926196337,443.09730814397335,0.0
3/20,2/20,3150,315000,181.88751220703125,4509.569353580475,128.69422809779644,406.97941140830517,0.0
3/20,3/20,3200,320000,180.15626049041748,4513.784193754196,130.35678570717573,411.4114786684513,0.0
3/20,4/20,3250,325000,181.27894639968872,4544.0114278793335,130.51635787636042,373.3340160548687,0.0
3/20,5/20,3300,330000,182.53323888778687,4597.8850972652435,133.41303971409798,392.1225438117981,0.0
3/20,6/20,3350,335000,182.43784546852112,4560.159185171127,134.55092051625252,366.02406161278486,0.0
3/20,7/20,3400,340000,183.22882723808289,4591.432963132858,134.28083414584398,398.98882188647985,0.0
3/20,8/20,3450,345000,177.66330981254578,4585.107102394104,132.97154919058084,389.3797197639942,0.0
3/20,9/20,3500,350000,182.14399123191833,4625.06750369072,135.02774635702372,372.27283473312855,0.0
3/20,10/20,3550,355000,183.929625749588,4625.40370631218,134.2027652040124,341.98551562428474,0.0
3/20,11/20,3600,360000,184.47667527198792,4661.588325023651,134.1676380187273,376.84020006656647,0.0
3/20,12/20,3650,365000,179.26460886001587,4711.70502948761,133.5809683278203,363.3107719421387,0.0
3/20,13/20,3700,370000,180.00959420204163,4714.107769489288,135.06373585760593,373.8854651674628,0.01
3/20,14/20,3750,375000,180.90659022331238,4704.246716499329,135.56460044533014,366.36996402591467,0.0
3/20,15/20,3800,380000,179.03863835334778,4732.426731586456,136.8275411874056,382.22417360544205,0.01
3/20,16/20,3850,385000,184.232412815094,4787.700743675232,137.93073718994856,369.2175802215934,0.0
3/20,17/20,3900,390000,185.05513858795166,4828.310252189636,136.7281717658043,393.9404145479202,0.0
3/20,18/20,3950,395000,187.9049186706543,4869.298941373825,142.0191793590784,385.6914455369115,0.0
3/20,19/20,4000,400000,183.24686336517334,4876.814810037613,143.1749955639243,350.872134514153,0.0
4/20,0/20,4050,405000,184.12498831748962,4942.416273117065,141.52404783666134,351.0276720300317,0.0
4/20,1/20,4100,410000,183.64795780181885,4963.003765106201,140.5454113855958,362.40337884426117,0.0
4/20,2/20,4150,415000,184.12935829162598,4997.411983251572,142.41312443464994,365.40343022346497,0.0
4/20,3/20,4200,420000,185.86069130897522,5036.912974834442,142.4016496911645,365.46246260404587,0.0
4/20,4/20,4250,425000,188.7474241256714,5097.846102952957,143.59271750599146,401.5326231569052,0.02
4/20,5/20,4300,430000,187.52169227600098,5163.379860877991,144.01610846072435,376.4621575474739,0.01
4/20,6/20,4350,435000,185.44806265830994,5195.223337173462,142.49908129125834,354.82044373452663,0.01
4/20,7/20,4400,440000,188.53592348098755,5190.289147377014,141.41127850860357,355.73142942786217,0.04
4/20,8/20,4450,445000,189.48571038246155,5243.878986597061,143.09017085283995,373.85671892762184,0.02
4/20,9/20,4500,450000,190.28220772743225,5249.386198759079,144.7796517163515,395.04474560916424,0.02
4/20,10/20,4550,455000,191.08411812782288,5273.937615633011,145.8602124080062,359.9585313349962,0.02
4/20,11/20,4600,460000,188.794438123703,5329.177853822708,142.776572547853,390.07120683789253,0.02
4/20,12/20,4650,465000,187.59325075149536,5360.625419616699,143.02876432985067,365.55690605938435,0.07
4/20,13/20,4700,470000,187.25259113311768,5433.257705926895,145.6059925109148,384.8422141596675,0.0
4/20,14/20,4750,475000,188.17389798164368,5488.56059217453,146.37067498266697,416.7760128825903,0.02
4/20,15/20,4800,480000,187.24563837051392,5509.694608211517,146.07934664189816,381.33856666088104,0.06
4/20,16/20,4850,485000,193.3606345653534,5516.410808086395,147.32269581407309,400.465558424592,0.06
4/20,17/20,4900,490000,192.6053647994995,5514.169748783112,145.26105100661516,380.6195043474436,0.03
4/20,18/20,4950,495000,190.5636489391327,5581.609001636505,146.38618068397045,405.04019497334957,0.11
4/20,19/20,5000,500000,187.54994225502014,5619.552429199219,145.54266227781773,404.40013176202774,0.08
5/20,0/20,5050,505000,187.5069136619568,5692.1231327056885,146.8172537535429,401.4676157236099,0.14
5/20,1/20,5100,510000,188.13529777526855,5699.978660106659,147.38864973187447,381.5019067674875,0.21
5/20,2/20,5150,515000,188.32235622406006,5707.530678272247,147.64205560833216,399.5942032933235,0.15
5/20,3/20,5200,520000,189.25484824180603,5744.33601808548,147.6753000319004,370.14588771760464,0.08
5/20,4/20,5250,525000,189.43511295318604,5762.043092250824,150.6284393593669,373.1578770130873,0.27
5/20,5/20,5300,530000,189.14599633216858,5815.481411933899,151.48223654180765,386.6052996069193,0.08
5/20,6/20,5350,535000,187.189954996109,5812.681135416031,148.0679672881961,353.7140187174082,0.06
5/20,7/20,5400,540000,188.28954434394836,5868.279507637024,150.46618042886257,411.35268972814083,0.17
5/20,8/20,5450,545000,187.02051782608032,5904.041627407074,151.55750128626823,415.12167183309793,0.09
5/20,9/20,5500,550000,186.42985081672668,5941.6249623298645,151.2225306481123,445.5614069700241,0.16
5/20,10/20,5550,555000,187.47812509536743,5967.447704315186,150.72254770249128,438.19570311903954,0.22
5/20,11/20,5600,560000,187.4418487548828,5969.9599609375,150.91171408444643,418.90568928420544,0.3
5/20,12/20,5650,565000,185.7831003665924,6047.399954795837,150.8220333904028,398.64624202251434,0.21
5/20,13/20,5700,570000,182.9333302974701,6065.077379703522,151.61782335489988,402.2440843731165,0.31
5/20,14/20,5750,575000,189.44926738739014,6075.5903062820435,154.8112408220768,426.2595060914755,0.14
5/20,15/20,5800,580000,189.2206952571869,6102.128785133362,153.87181314826012,416.1978588849306,0.18
5/20,16/20,5850,585000,187.35495042800903,6147.20272064209,153.88629166781902,424.37094163894653,0.33
5/20,17/20,5900,590000,183.7375032901764,6179.922439575195,157.42934660613537,408.24012103676796,0.22
5/20,18/20,5950,595000,182.96060705184937,6206.463680267334,156.73595209419727,402.8689774721861,0.42
5/20,19/20,6000,600000,185.77275013923645,6248.900078296661,157.99945130944252,420.8364662081003,0.27
6/20,0/20,6050,605000,185.8016276359558,6252.2340660095215,159.89288195967674,424.57263408601284,0.38
6/20,1/20,6100,610000,181.81179308891296,6246.56046295166,160.4227800220251,420.2541458904743,0.1
6/20,2/20,6150,615000,185.16091418266296,6243.277309417725,158.82953423261642,401.2945267558098,0.44
6/20,3/20,6200,620000,185.24834156036377,6278.837207794189,158.21656461060047,420.233790025115,0.02
6/20,4/20,6250,625000,185.8650243282318,6337.41003370285,158.6702594831586,382.34982615709305,0.03
6/20,5/20,6300,630000,185.58854985237122,6338.0014905929565,160.02478934824467,465.53315457701683,0.43
6/20,6/20,6350,635000,189.80325508117676,6385.564720630646,159.825360968709,419.1620176881552,0.36
6/20,7/20,6400,640000,191.88433384895325,6389.583116054535,161.21498965471983,463.8153287321329,0.49
6/20,8/20,6450,645000,189.7547242641449,6431.355226516724,158.3127675652504,390.58376881480217,0.28
6/20,9/20,6500,650000,186.09288620948792,6414.8790073394775,159.7670564353466,446.7951589077711,0.24
6/20,10/20,6550,655000,187.4104199409485,6478.406890869141,162.51730632781982,410.6767118871212,0.26
6/20,11/20,6600,660000,187.86148643493652,6516.651556015015,162.86788856983185,408.2383000999689,0.54
6/20,12/20,6650,665000,185.97337222099304,6489.804403305054,162.67154636979103,410.6985857784748,0.39
6/20,13/20,6700,670000,185.7397301197052,6560.000856876373,162.9423876106739,434.6673519536853,0.43
6/20,14/20,6750,675000,185.44471287727356,6578.954089641571,164.23702646046877,418.19342932105064,0.64
6/20,15/20,6800,680000,185.7283296585083,6585.454393386841,164.33441944420338,403.69553032517433,0.59
6/20,16/20,6850,685000,186.8668384552002,6588.25291967392,164.0996024608612,393.36122377961874,0.28
6/20,17/20,6900,690000,185.53824591636658,6618.1341252326965,164.71752850711346,378.09594681859016,0.62
6/20,18/20,6950,695000,183.72579431533813,6615.943290233612,164.90035817027092,369.6064784526825,0.54
6/20,19/20,7000,700000,184.54584527015686,6650.468987941742,166.62861809134483,432.56531669944525,0.32
7/20,0/20,7050,705000,183.16745519638062,6677.228962421417,164.77874889969826,429.76560884714127,0.62
7/20,1/20,7100,710000,182.3210871219635,6687.647345542908,165.99332630634308,399.51187251508236,0.84
7/20,2/20,7150,715000,182.15561604499817,6681.575152397156,164.91298452019691,387.34952265024185,0.75
7/20,3/20,7200,720000,182.74206709861755,6703.534227848053,164.37731902301311,386.0618897676468,0.63
7/20,4/20,7250,725000,185.25249886512756,6688.175434112549,164.84940406680107,381.2399414777756,0.6
7/20,5/20,7300,730000,183.50796365737915,6718.695248603821,164.78096187114716,384.48084953427315,0.58
7/20,6/20,7350,735000,183.28834104537964,6744.675796985626,169.09628093242645,402.93779661506414,0.47
7/20,7/20,7400,740000,183.21991896629333,6747.27209854126,166.06220918893814,382.93121192604303,0.5
7/20,8/20,7450,745000,185.44555616378784,6748.226850509644,164.95504596829414,381.45186626166105,0.69
7/20,9/20,7500,750000,182.7989010810852,6769.621248245239,165.18331319093704,378.28859958052635,0.78
7/20,10/20,7550,755000,183.54611110687256,6752.119330406189,164.85327960550785,395.26565182209015,0.53
7/20,11/20,7600,760000,194.0391480922699,6742.171047210693,166.02998407185078,379.19011863321066,0.61
7/20,12/20,7650,765000,212.86171126365662,6752.437710285187,168.47817592322826,386.62014596164227,0.76
7/20,13/20,7700,770000,222.70556950569153,6767.7842354774475,165.99613797664642,407.5989024788141,0.29
7/20,14/20,7750,775000,225.44724321365356,6795.662515640259,166.6697602570057,420.3887422308326,0.61
7/20,15/20,7800,780000,221.06300377845764,6817.053609371185,163.66936998069286,359.37745252251625,0.55
7/20,16/20,7850,785000,219.76025938987732,6801.365072250366,166.38528721034527,374.5961117371917,0.58
7/20,17/20,7900,790000,218.39887642860413,6790.876284599304,166.47263039648533,403.2817762643099,0.5
7/20,18/20,7950,795000,218.18255424499512,6801.532691001892,168.25759336352348,387.4312363564968,0.6
7/20,19/20,8000,800000,217.67675924301147,6797.84206867218,168.95111548900604,368.7391928508878,0.69
8/20,0/20,8050,805000,215.20344400405884,6790.959689617157,169.29894129931927,396.148011572659,0.64
8/20,1/20,8100,810000,215.90118026733398,6818.170691490173,169.00062964856625,375.8352198675275,0.61
8/20,2/20,8150,815000,216.22247457504272,6812.830733299255,170.723298817873,394.2191091552377,0.33
8/20,3/20,8200,820000,216.40664935112,6798.0809116363525,170.3229570388794,360.21555288881063,0.55
8/20,4/20,8250,825000,217.85170006752014,6841.361378669739,168.58540332317352,358.07770505547523,0.54
8/20,5/20,8300,830000,218.20828366279602,6891.566513061523,170.8314535021782,364.2747386842966,0.6
8/20,6/20,8350,835000,214.4601035118103,6917.993725299835,167.17779129743576,367.5342783406377,0.69
8/20,7/20,8400,840000,218.40889024734497,6877.871933937073,169.7528682500124,363.9067529961467,0.78
8/20,8/20,8450,845000,213.7474021911621,6897.942247867584,165.70696491003036,408.9100857824087,0.54
8/20,9/20,8500,850000,215.09206342697144,6904.825647354126,168.3167729973793,390.6320404484868,0.83
8/20,10/20,8550,855000,214.83818125724792,6948.38248872757,168.4330370426178,345.4221450537443,0.63
8/20,11/20,8600,860000,217.8159990310669,6988.907558917999,167.63757167756557,354.7903239354491,0.59
8/20,12/20,8650,865000,210.91394329071045,6922.879127979279,168.92773927748203,356.61414708942175,0.75
8/20,13/20,8700,870000,211.03172206878662,6931.468324184418,166.80021560192108,345.6218187212944,0.6
8/20,14/20,8750,875000,214.87372255325317,6963.019903182983,171.1314159333706,343.0867418795824,0.47
8/20,15/20,8800,880000,212.69833159446716,6889.046392440796,173.62169700860977,343.17901806533337,0.77
8/20,16/20,8850,885000,213.30625891685486,6909.69966506958,167.35957115888596,372.89934612065554,0.82
8/20,17/20,8900,890000,213.3631682395935,6909.054767608643,169.14649955928326,386.0329919010401,0.72
8/20,18/20,8950,895000,209.5328803062439,6887.442606925964,167.61863173544407,355.728467695415,0.74
8/20,19/20,9000,900000,211.35278725624084,6918.6490688323975,169.94031177461147,383.811082854867,0.69
9/20,0/20,9050,905000,213.61893224716187,6919.166797637939,172.6418281495571,357.1374783590436,0.66
9/20,1/20,9100,910000,210.71225929260254,6890.952977657318,173.60093522071838,415.2996468245983,0.48
9/20,2/20,9150,915000,210.19075083732605,6887.221704959869,175.4068678766489,361.8868216201663,0.52
9/20,3/20,9200,920000,211.6974663734436,6838.298346996307,173.71598783135414,369.27643129229546,0.67
9/20,4/20,9250,925000,208.91008472442627,6834.741725444794,169.69673661887646,373.9268098771572,0.71
9/20,5/20,9300,930000,213.14134240150452,6848.928915500641,170.49606692790985,351.5687275528908,0.66
9/20,6/20,9350,935000,211.49896502494812,6867.425797462463,170.50694525241852,357.6702906936407,0.65
9/20,7/20,9400,940000,208.4735667705536,6858.753935337067,169.78979074954987,325.9838925078511,0.75
9/20,8/20,9450,945000,209.87964010238647,6852.501598358154,168.306281670928,367.993467643857,0.65
9/20,9/20,9500,950000,214.90131258964539,6886.847836017609,170.1620737761259,378.8834455385804,0.46
9/20,10/20,9550,955000,215.33051419258118,6858.00475025177,173.20324578881264,388.4746372550726,0.6
9/20,11/20,9600,960000,215.1206738948822,6853.836954116821,171.93614500761032,358.5090378820896,0.58
9/20,12/20,9650,965000,210.06356263160706,6864.139788150787,170.05913385748863,341.76479874551296,0.81
9/20,13/20,9700,970000,214.76899123191833,6892.864317417145,170.25726382434368,390.4388916492462,0.5
9/20,14/20,9750,975000,212.49887371063232,6899.494384288788,171.99011853337288,369.7512664720416,0.53
9/20,15/20,9800,980000,214.23543119430542,6877.581957817078,169.3834953904152,347.9535730779171,0.66
9/20,16/20,9850,985000,217.3597013950348,6869.205666065216,168.59133176505566,400.0978252366185,0.59
9/20,17/20,9900,990000,213.46471333503723,6916.88535118103,168.82377190887928,345.48644348978996,0.74
9/20,18/20,9950,995000,212.49107313156128,6919.382799625397,168.78394249081612,338.1730072274804,0.74
9/20,19/20,10000,1000000,212.91769456863403,6872.908451557159,171.28255447745323,364.9471918940544,0.56
10/20,0/20,10050,1005000,216.4778926372528,6877.415722370148,171.22959837317467,329.0197619497776,0.72
10/20,1/20,10100,1010000,213.78878688812256,6937.19349861145,173.26209856569767,347.0984733775258,0.66
10/20,2/20,10150,1015000,214.9555823802948,6906.023101806641,173.13804905116558,331.7526875138283,0.87
10/20,3/20,10200,1020000,212.93077492713928,6946.296101093292,171.22622115910053,322.97424380481243,0.66
10/20,4/20,10250,1025000,213.5461344718933,6953.507782936096,172.09615774452686,354.8245768249035,0.65
10/20,5/20,10300,1030000,217.90190982818604,6961.613470077515,171.1979103386402,359.7205067873001,0.68
10/20,6/20,10350,1035000,213.69125270843506,6981.100335597992,171.7251195460558,345.7489845752716,0.79
10/20,7/20,10400,1040000,217.0154914855957,6939.860698699951,171.92313981056213,356.0987468510866,0.75
10/20,8/20,10450,1045000,214.73277068138123,6965.6123046875,175.2719544917345,351.2967529371381,0.75
10/20,9/20,10500,1050000,213.64371395111084,6953.526087760925,174.08940295875072,359.020979359746,0.74
10/20,10/20,10550,1055000,216.64355731010437,6974.046556472778,173.26475776731968,359.19024900346994,0.67
10/20,11/20,10600,1060000,214.39137840270996,7004.018662452698,172.3779985755682,355.0919556617737,0.67
10/20,12/20,10650,1065000,211.2673864364624,6995.433602333069,176.00786101818085,363.47526697814465,0.7
10/20,13/20,10700,1070000,210.99097299575806,6999.206048965454,174.38659870624542,361.3676875382662,0.7
10/20,14/20,10750,1075000,212.69404292106628,7036.352011680603,172.76065887510777,350.9576462805271,0.74
10/20,15/20,10800,1080000,213.05082273483276,7019.251385688782,175.49124512076378,381.9758302792907,0.66
10/20,16/20,10850,1085000,213.20458793640137,7041.311275959015,176.9786666482687,341.6781329587102,0.75
10/20,17/20,10900,1090000,213.5049970149994,7001.98077583313,175.82402063906193,353.873566865921,0.53
10/20,18/20,10950,1095000,216.15593218803406,6993.821832180023,176.6834471076727,356.86517821997404,0.47
10/20,19/20,11000,1100000,213.32879662513733,6985.693630218506,176.31557168066502,361.72124329954386,0.45
11/20,0/20,11050,1105000,211.95540022850037,7023.070019721985,176.0543368756771,361.36272440105677,0.44
11/20,1/20,11100,1110000,212.0128095149994,7058.445121765137,177.08938905596733,350.14641723036766,0.52
11/20,2/20,11150,1115000,210.49438738822937,7095.174314498901,174.97715520858765,369.93874438107014,0.57
11/20,3/20,11200,1120000,208.60472345352173,7074.218855381012,174.1174418926239,376.67901073396206,0.5
11/20,4/20,11250,1125000,210.18242359161377,7073.875992298126,172.5765821635723,322.7479284480214,0.52
11/20,5/20,11300,1130000,209.4012644290924,7100.440747261047,175.41283905506134,356.38439425081015,0.6
11/20,6/20,11350,1135000,210.09400939941406,7126.272501945496,173.7181972116232,361.09029982984066,0.63
11/20,7/20,11400,1140000,210.2661578655243,7160.1001834869385,174.92962446808815,370.0794510394335,0.64
11/20,8/20,11450,1145000,209.36227107048035,7147.84842300415,173.1655077189207,347.4316832795739,0.7
11/20,9/20,11500,1150000,211.29307341575623,7209.7100481987,174.309536293149,346.2790777683258,0.67
11/20,10/20,11550,1155000,207.09823203086853,7229.279539108276,174.38906897604465,368.3861197158694,0.53
11/20,11/20,11600,1160000,207.34462118148804,7188.753616809845,176.2510849237442,337.4922506287694,0.72
11/20,12/20,11650,1165000,214.96769309043884,7184.93295955658,175.82515007257462,320.3692822009325,0.57
11/20,13/20,11700,1170000,212.46201920509338,7254.553758621216,175.79673351347446,359.38077564537525,0.79
11/20,14/20,11750,1175000,211.19850969314575,7210.416215419769,176.08481350541115,320.74713303893805,0.79
11/20,15/20,11800,1180000,212.14665055274963,7220.916720867157,178.1714096814394,358.4463931247592,0.76
11/20,16/20,11850,1185000,217.5224199295044,7181.959328174591,177.44520273804665,333.8898550644517,0.7
11/20,17/20,11900,1190000,215.46795868873596,7209.204390525818,177.7700427621603,358.10423719137907,0.71
11/20,18/20,11950,1195000,213.10484838485718,7212.454352378845,176.68192102015018,344.1900649815798,0.75
11/20,19/20,12000,1200000,213.87864875793457,7238.253672122955,178.71850842237473,359.03576016426086,0.76
12/20,0/20,12050,1205000,214.47098422050476,7264.853254318237,178.92638137936592,344.720167696476,0.84
12/20,1/20,12100,1210000,213.0359606742859,7264.160753726959,177.97582851350307,310.7408535182476,0.85
12/20,2/20,12150,1215000,212.2619080543518,7285.028040885925,177.9576963931322,325.1238068193197,0.78
12/20,3/20,12200,1220000,209.80426788330078,7290.297651767731,176.0270057618618,329.9579311981797,0.75
12/20,4/20,12250,1225000,211.66222023963928,7284.194266319275,175.7199451327324,332.53039379417896,0.81
12/20,5/20,12300,1230000,213.16481161117554,7315.044319629669,175.8296640664339,304.9940229430795,0.76
12/20,6/20,12350,1235000,215.85178804397583,7332.527404785156,176.41041959822178,325.24720130860806,0.79
12/20,7/20,12400,1240000,211.99123358726501,7295.193145751953,177.4444206804037,325.67574302852154,0.65
12/20,8/20,12450,1245000,214.21473217010498,7350.207488059998,177.49942906200886,355.7381064593792,0.67
12/20,9/20,12500,1250000,215.08794808387756,7309.40958404541,176.67589810490608,331.2637689784169,0.73
12/20,10/20,12550,1255000,215.21177792549133,7350.1542773246765,178.13755798339844,330.14019038528204,0.79
12/20,11/20,12600,1260000,213.18843150138855,7363.605008125305,177.26082806289196,327.11992368102074,0.63
12/20,12/20,12650,1265000,213.74285554885864,7379.0767278671265,180.04509350657463,356.85187166184187,0.88
12/20,13/20,12700,1270000,214.30038905143738,7409.438802719116,179.27212877571583,321.0781796425581,0.7
12/20,14/20,12750,1275000,212.57403898239136,7435.886031150818,178.33374670147896,326.73123759776354,0.89
12/20,15/20,12800,1280000,211.64391446113586,7430.993133068085,178.69781079888344,347.446525759995,0.83
12/20,16/20,12850,1285000,210.91916704177856,7416.802848815918,176.8724722713232,334.52087511867285,0.79
12/20,17/20,12900,1290000,211.34398818016052,7437.128929615021,179.392825871706,306.09982393682003,0.83
12/20,18/20,12950,1295000,213.16032528877258,7454.140467643738,175.85772816836834,319.7563288733363,0.77
12/20,19/20,13000,1300000,211.82173800468445,7479.492308616638,176.84243823587894,319.86636746674776,0.85
13/20,0/20,13050,1305000,212.32361340522766,7470.825432300568,178.1933528035879,323.3779298812151,0.85
13/20,1/20,13100,1310000,212.9970681667328,7503.944303512573,177.42963008582592,303.7066422700882,0.92
13/20,2/20,13150,1315000,78.83360695838928,7494.664708614349,180.37958200275898,326.1446302384138,0.88
13/20,3/20,13200,1320000,75.04944109916687,7485.7509508132935,179.5842441469431,327.92742209881544,0.73
13/20,4/20,13250,1325000,73.22308683395386,7471.424267292023,182.4233786612749,311.513225518167,0.78
13/20,5/20,13300,1330000,79.31607723236084,7495.499433517456,181.26046109199524,320.70553735643625,0.79
13/20,6/20,13350,1335000,74.08946466445923,7492.165011405945,180.9180112183094,313.37526504695415,0.72
13/20,7/20,13400,1340000,73.25732088088989,7494.751432418823,181.09218579530716,321.8659290522337,0.76
13/20,8/20,13450,1345000,78.07331013679504,7495.1783628463745,180.94984056055546,292.66719760745764,0.79
13/20,9/20,13500,1350000,73.37825965881348,7507.604748249054,181.4803317785263,315.86078621447086,0.65
13/20,10/20,13550,1355000,72.66364455223083,7489.497326374054,185.4547717422247,315.85924615710974,0.69
13/20,11/20,13600,1360000,77.74337673187256,7449.315915107727,186.09339965879917,300.39025393873453,0.7
13/20,12/20,13650,1365000,72.97627139091492,7473.035103797913,181.85602143406868,320.95901653915644,0.79
13/20,13/20,13700,1370000,74.52714395523071,7462.125174999237,182.32795703411102,326.20851969718933,0.76
13/20,14/20,13750,1375000,77.99012732505798,7484.233667373657,179.29843865334988,274.8993568792939,0.9
13/20,15/20,13800,1380000,74.22281742095947,7504.346817970276,182.4282142072916,295.38252833485603,0.88
13/20,16/20,13850,1385000,73.85412216186523,7499.061966896057,182.2336564809084,302.27905977517366,0.77
13/20,17/20,13900,1390000,78.33597302436829,7488.874715805054,180.01726000010967,307.99868343025446,0.74
13/20,18/20,13950,1395000,73.21571731567383,7502.408841133118,181.6232435554266,276.08174426853657,0.93
13/20,19/20,14000,1400000,73.3653552532196,7466.570125102997,182.99705410003662,272.73667976260185,0.91
14/20,0/20,14050,1405000,78.9310610294342,7470.1224184036255,184.4615643620491,283.4682606458664,0.83
14/20,1/20,14100,1410000,74.00245666503906,7440.4663190841675,183.28104603290558,263.4645450934768,0.87
14/20,2/20,14150,1415000,71.6829469203949,7481.467373847961,182.03036437928677,263.50557950884104,0.95
14/20,3/20,14200,1420000,77.82797980308533,7445.232476234436,179.95301331579685,281.0078155770898,0.84
14/20,4/20,14250,1425000,72.10187268257141,7491.231561183929,179.42273968458176,259.57020998746157,0.76
14/20,5/20,14300,1430000,72.93752479553223,7516.869025230408,182.1193179488182,300.7671458572149,0.93
14/20,6/20,14350,1435000,76.97855067253113,7526.373517513275,181.6180734038353,281.0472016111016,0.9
14/20,7/20,14400,1440000,73.5942485332489,7513.962057590485,182.15320870280266,290.5764332935214,0.71
14/20,8/20,14450,1445000,74.63109540939331,7555.994550228119,181.72944048047066,299.09262549877167,0.82
14/20,9/20,14500,1450000,76.72475051879883,7592.604027748108,177.8657623231411,308.8315178453922,0.89
14/20,10/20,14550,1455000,73.76453137397766,7572.1778082847595,181.41463792324066,270.7626675590873,0.77
14/20,11/20,14600,1460000,74.54263305664062,7583.200586795807,182.2083312124014,307.95813865959644,0.83
14/20,12/20,14650,1465000,76.4609272480011,7593.544941902161,181.31396114826202,278.79197383672,0.82
14/20,13/20,14700,1470000,76.672691822052,7594.064089298248,182.18026250600815,293.05414339900017,0.86
14/20,14/20,14750,1475000,77.67229771614075,7561.431703567505,182.60106900334358,310.6173846125603,0.89
14/20,15/20,14800,1480000,78.47370052337646,7581.517858028412,182.97928400337696,311.24561788886786,0.88
14/20,16/20,14850,1485000,74.78232455253601,7584.248550415039,181.92797090113163,266.44382636249065,0.93
14/20,17/20,14900,1490000,78.08206129074097,7590.589366436005,181.44328290224075,292.07209538668394,0.84
14/20,18/20,14950,1495000,76.73426485061646,7625.518354415894,180.22492665052414,290.0083700567484,0.85
14/20,19/20,15000,1500000,73.54466772079468,7660.742720603943,177.77632202208042,285.9090759381652,0.88
15/20,0/20,15050,1505000,76.22349429130554,7683.350864887238,178.21093173325062,284.3660611882806,0.9
15/20,1/20,15100,1510000,75.09392738342285,7663.558140277863,180.731276512146,303.1178242638707,0.89
15/20,2/20,15150,1515000,73.35805201530457,7646.415410518646,180.6257985085249,299.94499538838863,0.84
15/20,3/20,15200,1520000,77.1728048324585,7655.334717273712,182.56939628720284,318.6091499403119,0.87
15/20,4/20,15250,1525000,74.18980240821838,7607.011888027191,180.3022705167532,264.41462736576796,0.95
15/20,5/20,15300,1530000,72.26456689834595,7670.592986106873,180.5639407336712,284.876858741045,0.96
15/20,6/20,15350,1535000,77.94102478027344,7674.357543468475,180.88371574878693,305.753202714026,0.94
15/20,7/20,15400,1540000,75.0044457912445,7665.663740158081,181.0506508499384,288.94653890281916,0.93
15/20,8/20,15450,1545000,72.65062189102173,7680.169671058655,180.46628688275814,298.43324299156666,0.93
15/20,9/20,15500,1550000,77.87320446968079,7707.001816749573,178.07279407978058,303.4598834961653,0.94
15/20,10/20,15550,1555000,72.83793210983276,7706.531973361969,178.51661138236523,298.57239435613155,0.88
15/20,11/20,15600,1560000,73.65218710899353,7700.004311084747,179.11703914403915,314.47910649329424,0.95
15/20,12/20,15650,1565000,78.51367092132568,7690.119541168213,181.73908634483814,291.3557378128171,0.91
15/20,13/20,15700,1570000,74.81434631347656,7730.285125255585,180.57193066179752,277.47137458622456,0.9
15/20,14/20,15750,1575000,72.04689955711365,7717.178847312927,181.62207882106304,299.36205849796534,0.89
15/20,15/20,15800,1580000,78.86021041870117,7698.5422620773315,182.431814879179,271.7185672298074,0.89
15/20,16/20,15850,1585000,73.33039164543152,7717.817989349365,181.95450080931187,319.17385521531105,0.95
15/20,17/20,15900,1590000,73.25135612487793,7735.913480758667,178.63315032422543,297.8329874202609,0.95
15/20,18/20,15950,1595000,76.78223538398743,7747.166211605072,179.2133343219757,280.56229566782713,0.95
15/20,19/20,16000,1600000,72.92033648490906,7718.828566074371,178.03043213486671,299.81290440261364,0.95
16/20,0/20,16050,1605000,74.22568154335022,7712.1216173172,179.7352749556303,307.21999203413725,0.93
16/20,1/20,16100,1610000,77.98419642448425,7743.257157325745,181.97833600640297,288.75700951367617,0.86
16/20,2/20,16150,1615000,73.87161445617676,7720.643239498138,181.07126538455486,312.0860986188054,0.93
16/20,3/20,16200,1620000,72.07835459709167,7724.4454164505005,181.6735660135746,301.85953065752983,0.92
16/20,4/20,16250,1625000,76.58985018730164,7681.890818595886,182.33836841583252,284.06549230217934,0.92
16/20,5/20,16300,1630000,72.87453627586365,7702.357097625732,179.4669019728899,281.80978018045425,0.84
16/20,6/20,16350,1635000,71.95931315422058,7681.265003681183,177.83522820472717,278.6100160628557,0.88
16/20,7/20,16400,1640000,78.22479391098022,7690.788597583771,179.97418604791164,254.33768370002508,0.97
16/20,8/20,16450,1645000,72.42781949043274,7653.402656555176,181.26050497591496,272.5982636511326,0.98
16/20,9/20,16500,1650000,74.62978506088257,7648.880605220795,179.40898336470127,293.13694233447313,0.89
16/20,10/20,16550,1655000,77.96014213562012,7641.597316741943,181.0030451565981,252.06453897804022,0.92
16/20,11/20,16600,1660000,74.5926718711853,7701.718029022217,179.31875671446323,263.34898292273283,0.9
16/20,12/20,16650,1665000,75.36591005325317,7673.777946949005,178.60525427758694,274.31335742771626,0.96
16/20,13/20,16700,1670000,76.1029601097107,7646.717443943024,178.65299035608768,252.07408914715052,0.86
16/20,14/20,16750,1675000,72.60681772232056,7656.038210868835,180.29054468870163,255.36170188337564,0.92
16/20,15/20,16800,1680000,75.40219974517822,7649.857260227203,181.54946693778038,290.5927530527115,0.91
16/20,16/20,16850,1685000,75.72550654411316,7697.956547260284,180.2434560507536,266.41587287187576,0.97
16/20,17/20,16900,1690000,71.92617154121399,7706.120470523834,179.0625900477171,252.96364203095436,0.98
16/20,18/20,16950,1695000,76.15633773803711,7693.418339729309,179.56881722807884,263.4150723218918,0.89
16/20,19/20,17000,1700000,74.2349910736084,7684.326578140259,181.17900805175304,241.4324195832014,0.9
17/20,0/20,17050,1705000,72.5105550289154,7646.033054828644,177.73248355090618,250.19482418894768,0.91
17/20,1/20,17100,1710000,77.00891613960266,7671.376923561096,179.1980925500393,274.8052953109145,0.9
17/20,2/20,17150,1715000,74.86229658126831,7604.895534038544,179.6409659087658,246.55286195129156,0.91
17/20,3/20,17200,1720000,73.61626029014587,7651.582938194275,180.03556914627552,265.24231158941984,0.9
17/20,4/20,17250,1725000,76.46172761917114,7705.59557723999,177.8956989645958,249.43832471221685,0.9
17/20,5/20,17300,1730000,74.1529951095581,7661.16090631485,178.56374110281467,259.56840128451586,0.84
17/20,6/20,17350,1735000,72.66186380386353,7685.3531403541565,180.04465402662754,233.1281863823533,0.96
17/20,7/20,17400,1740000,78.67635250091553,7684.640691757202,179.65616174042225,230.8539201542735,0.94
17/20,8/20,17450,1745000,73.205881357193,7686.273079395294,178.96748606860638,235.75666618347168,0.98
17/20,9/20,17500,1750000,73.34021544456482,7644.783798217773,180.74996928870678,239.765688855201,0.9
17/20,10/20,17550,1755000,76.7326591014862,7640.18532037735,182.88574886322021,250.79311767220497,0.93
17/20,11/20,17600,1760000,72.52426052093506,7649.842633724213,181.38423337042332,243.41299626976252,0.91
17/20,12/20,17650,1765000,74.50159764289856,7661.972793102264,180.73275016248226,251.56242851912975,0.89
17/20,13/20,17700,1770000,78.72164011001587,7640.659009933472,179.0873880982399,226.53893554210663,0.92
17/20,14/20,17750,1775000,73.06086754798889,7646.572299957275,179.07294107973576,238.88706079870462,0.96
17/20,15/20,17800,1780000,73.58486199378967,7665.329994678497,181.3778075426817,226.10956444591284,0.94
17/20,16/20,17850,1785000,77.91336059570312,7651.498810768127,180.1062898337841,235.65216474235058,0.89
17/20,17/20,17900,1790000,66.39230680465698,7645.580480098724,177.93471275269985,244.8803959041834,0.96
17/20,18/20,17950,1795000,62.66456699371338,7610.013587474823,179.7915286719799,217.89083733409643,0.93
17/20,19/20,18000,1800000,67.85432982444763,7653.789559364319,179.70295682549477,230.83073594421148,0.97
18/20,0/20,18050,1805000,63.840656757354736,7607.015125274658,180.17186750471592,249.98704452812672,0.82
18/20,1/20,18100,1810000,62.66195893287659,7670.153044223785,178.84273731708527,237.37056873738766,0.9
18/20,2/20,18150,1815000,68.6267762184143,7670.718416690826,182.46699559688568,245.24212692677975,0.91
18/20,3/20,18200,1820000,62.70753860473633,7596.329475879669,182.30094681680202,238.51805589348078,0.86
18/20,4/20,18250,1825000,63.07568120956421,7619.127804756165,178.9863002449274,234.12251990288496,0.91
18/20,5/20,18300,1830000,69.10032439231873,7617.177270412445,180.33023120462894,245.27071470022202,0.97
18/20,6/20,18350,1835000,62.90431547164917,7619.401100635529,180.12799175083637,243.20600537210703,0.94
18/20,7/20,18400,1840000,62.591768741607666,7647.358745098114,180.35988062620163,228.43110143393278,0.96
18/20,8/20,18450,1845000,68.44636821746826,7648.829095840454,180.12531995773315,230.21461368352175,0.91
18/20,9/20,18500,1850000,63.48355031013489,7642.13293838501,178.63059993088245,217.28866992890835,0.92
18/20,10/20,18550,1855000,63.46250033378601,7635.374254226685,179.31760872900486,228.0501149892807,0.89
18/20,11/20,18600,1860000,67.92946267127991,7648.455250740051,178.44061659276485,218.87859071791172,0.92
18/20,12/20,18650,1865000,63.632662773132324,7648.280236721039,176.847132101655,236.9877917021513,0.9
18/20,13/20,18700,1870000,63.996991872787476,7681.754358291626,179.91816006600857,219.13640206307173,0.91
18/20,14/20,18750,1875000,67.37763786315918,7655.599313735962,179.7944661974907,232.4212015196681,0.92
18/20,15/20,18800,1880000,63.42049312591553,7680.6611070632935,179.33084282279015,237.08949880301952,0.87
18/20,16/20,18850,1885000,64.4193000793457,7687.587700366974,179.89546070992947,240.34532486647367,0.95
18/20,17/20,18900,1890000,66.19434142112732,7665.825816631317,179.5973723679781,266.2566719725728,0.88
18/20,18/20,18950,1895000,62.632611989974976,7679.822685718536,181.25794602930546,238.90778573602438,0.93
18/20,19/20,19000,1900000,64.28184413909912,7643.938134670258,179.1846835911274,252.159843377769,0.79
19/20,0/20,19050,1905000,66.17318034172058,7654.612500667572,179.68993078172207,224.77944673597813,0.9
19/20,1/20,19100,1910000,63.361958503723145,7631.860117435455,178.27989156544209,222.3460717946291,0.92
19/20,2/20,19150,1915000,65.97697448730469,7658.883487701416,179.7800245732069,231.86597554013133,0.91
19/20,3/20,19200,1920000,66.16635513305664,7649.812287330627,181.34796431660652,233.44262205436826,0.96
19/20,4/20,19250,1925000,64.29584312438965,7624.243622779846,180.46225629746914,231.43228894472122,0.96
19/20,5/20,19300,1930000,65.94962787628174,7602.235168457031,179.74749015271664,213.51367773860693,0.9
19/20,6/20,19350,1935000,65.1732771396637,7636.295264720917,180.29394106566906,223.37527742236853,0.93
19/20,7/20,19400,1940000,62.710169076919556,7613.546812057495,178.22532437741756,220.14952817559242,0.96
19/20,8/20,19450,1945000,67.44069862365723,7611.13302564621,178.64338280260563,232.20899337530136,0.94
19/20,9/20,19500,1950000,65.20405292510986,7643.309696674347,181.00276042521,219.52173759788275,0.92
19/20,10/20,19550,1955000,64.41194725036621,7623.377984046936,179.8430252969265,247.8957559093833,0.82
19/20,11/20,19600,1960000,67.65951681137085,7645.043640613556,178.333321839571,227.56567057967186,0.87
19/20,12/20,19650,1965000,63.68027138710022,7626.587622642517,178.88940173387527,205.8521745800972,0.87
19/20,13/20,19700,1970000,63.277804374694824,7622.526135444641,179.59271742403507,217.66541416943073,0.96
19/20,14/20,19750,1975000,67.45698618888855,7646.678662776947,179.60253839194775,231.98284846544266,0.8
19/20,15/20,19800,1980000,63.808605909347534,7637.531113624573,181.00392688810825,234.0563330464065,0.9
19/20,16/20,19850,1985000,63.39779043197632,7610.013404846191,178.37665289640427,239.83283139020205,0.94
19/20,17/20,19900,1990000,69.23081684112549,7629.285355091095,179.6444160193205,207.4058771058917,0.93
19/20,18/20,19950,1995000,63.84275555610657,7617.8451199531555,180.1173553019762,223.177639991045,0.94
19/20,19/20,20000,2000000,63.56494498252869,7612.905048370361,179.66432043910027,217.47634250670671,0.86
